1995                    796777
1996                    964694
1997                    1093668
1998                    1049738
1999                    1194063
2000                    1128742
2001                    1245111
2002                    1351255
2003                    1257138
2004                    1270408
2005                    1061686
2006                    1326160
2007                    1272920
2008                    650491
2009                    625662
2010                    663341
2011                    661054
2012                    668295
2013                    810110
2014                    982943
2015                    1007420
2016                    1032557
2017                    375098
